f = @(t, y) (3 .* sin(pi .* t / 3) - cos (pi .* t / 3));
[t, w] = fun72C2a([0 1.5], [-1, 3], 9)

t =

         0    0.1500    0.3000    0.4500    0.6000    0.7500    0.9000    1.0500    1.2000    1.3500    1.5000


w =

   -1.0000   -0.5181   -0.0235    0.4717    0.9553    1.4154    1.8405    2.2201    2.5450    2.8072    3.0000

y = f(t)

y =

   -1.0000   -0.5184   -0.0240    0.4710    0.9543    1.4142    1.8393    2.2190    2.5442    2.8066    3.0000

plot(t, w, 'x', t, y, '-')
[t, w] = fun72C2a([0 1.5], [-1, 3], 19)

t =

  Columns 1 through 14

         0    0.0750    0.1500    0.2250    0.3000    0.3750    0.4500    0.5250    0.6000    0.6750    0.7500    0.8250    0.9000    0.9750

  Columns 15 through 21

    1.0500    1.1250    1.2000    1.2750    1.3500    1.4250    1.5000


w =

  Columns 1 through 14

   -1.0000   -0.7615   -0.5183   -0.2719   -0.0239    0.2243    0.4712    0.7151    0.9546    1.1882    1.4145    1.6321    1.8396    2.0357

  Columns 15 through 21

    2.2193    2.3892    2.5444    2.6838    2.8068    2.9124    3.0000

y = f(t)

y =

  Columns 1 through 14

   -1.0000   -0.7615   -0.5184   -0.2720   -0.0240    0.2242    0.4710    0.7149    0.9543    1.1879    1.4142    1.6318    1.8393    2.0354

  Columns 15 through 21

    2.2190    2.3890    2.5442    2.6837    2.8066    2.9123    3.0000

plot(t, w, 'x', t, y, '-')
[t, w] = fun72C2a([0 1.5], [-1, 3], 29)

t =

  Columns 1 through 14

         0    0.0500    0.1000    0.1500    0.2000    0.2500    0.3000    0.3500    0.4000    0.4500    0.5000    0.5500    0.6000    0.6500

  Columns 15 through 28

    0.7000    0.7500    0.8000    0.8500    0.9000    0.9500    1.0000    1.0500    1.1000    1.1500    1.2000    1.2500    1.3000    1.3500

  Columns 29 through 31

    1.4000    1.4500    1.5000


w =

  Columns 1 through 14

   -1.0000   -0.8416   -0.6809   -0.5184   -0.3544   -0.1894   -0.0239    0.1416    0.3067    0.4711    0.6341    0.7954    0.9544    1.1109

  Columns 15 through 28

    1.2644    1.4143    1.5604    1.7022    1.8394    1.9715    2.0982    2.2192    2.3340    2.4425    2.5443    2.6390    2.7266    2.8067

  Columns 29 through 31

    2.8791    2.9436    3.0000

y = f(t)

y =

  Columns 1 through 14

   -1.0000   -0.8416   -0.6809   -0.5184   -0.3544   -0.1895   -0.0240    0.1415    0.3067    0.4710    0.6340    0.7952    0.9543    1.1108

  Columns 15 through 28

    1.2642    1.4142    1.5603    1.7021    1.8393    1.9714    2.0981    2.2190    2.3339    2.4424    2.5442    2.6390    2.7265    2.8066

  Columns 29 through 31

    2.8790    2.9436    3.0000

plot(t, w, 'x', t, y, '-')
diary off
[t, w] = fun72C2a([0 1.5], [-1, 3], 9)

t =

         0    0.1500    0.3000    0.4500    0.6000    0.7500    0.9000    1.0500    1.2000    1.3500    1.5000


w =

   -1.0000   -0.5181   -0.0235    0.4717    0.9553    1.4154    1.8405    2.2201    2.5450    2.8072    3.0000

y = f(t)

y =

   -1.0000   -0.5184   -0.0240    0.4710    0.9543    1.4142    1.8393    2.2190    2.5442    2.8066    3.0000

err(1) = y - w;
{In an assignment  A(I) = B, the number of elements in B and I must be the same.
} 
err(1) = y .- w;
 err(1) = y .- w;
             |
{Error: Unexpected MATLAB operator.
} 
err(1,:) = y .- w;
 err(1,:) = y .- w;
               |
{Error: Unexpected MATLAB operator.
} 
err(1,:) = y - w;
err

err =

         0   -0.0003   -0.0005   -0.0008   -0.0010   -0.0011   -0.0012   -0.0011   -0.0009   -0.0005         0

[t, w] = fun72C2a([0 1.5], [-1, 3], 19)

t =

  Columns 1 through 14

         0    0.0750    0.1500    0.2250    0.3000    0.3750    0.4500    0.5250    0.6000    0.6750    0.7500    0.8250    0.9000    0.9750

  Columns 15 through 21

    1.0500    1.1250    1.2000    1.2750    1.3500    1.4250    1.5000


w =

  Columns 1 through 14

   -1.0000   -0.7615   -0.5183   -0.2719   -0.0239    0.2243    0.4712    0.7151    0.9546    1.1882    1.4145    1.6321    1.8396    2.0357

  Columns 15 through 21

    2.2193    2.3892    2.5444    2.6838    2.8068    2.9124    3.0000

y = f(t);
err(2,:) = y - w
{Subscripted assignment dimension mismatch.
} 
y - w

ans =

   1.0e-03 *

  Columns 1 through 14

         0   -0.0303   -0.0629   -0.0966   -0.1307   -0.1640   -0.1956   -0.2246   -0.2498   -0.2705   -0.2858   -0.2948   -0.2968   -0.2911

  Columns 15 through 21

   -0.2773   -0.2546   -0.2228   -0.1816   -0.1308   -0.0702         0

err9 = err

err9 =

         0   -0.0003   -0.0005   -0.0008   -0.0010   -0.0011   -0.0012   -0.0011   -0.0009   -0.0005         0

err19 = y - w

err19 =

   1.0e-03 *

  Columns 1 through 14

         0   -0.0303   -0.0629   -0.0966   -0.1307   -0.1640   -0.1956   -0.2246   -0.2498   -0.2705   -0.2858   -0.2948   -0.2968   -0.2911

  Columns 15 through 21

   -0.2773   -0.2546   -0.2228   -0.1816   -0.1308   -0.0702         0

[t, w] = fun72C2a([0 1.5], [-1, 3], 29)

t =

  Columns 1 through 14

         0    0.0500    0.1000    0.1500    0.2000    0.2500    0.3000    0.3500    0.4000    0.4500    0.5000    0.5500    0.6000    0.6500

  Columns 15 through 28

    0.7000    0.7500    0.8000    0.8500    0.9000    0.9500    1.0000    1.0500    1.1000    1.1500    1.2000    1.2500    1.3000    1.3500

  Columns 29 through 31

    1.4000    1.4500    1.5000


w =

  Columns 1 through 14

   -1.0000   -0.8416   -0.6809   -0.5184   -0.3544   -0.1894   -0.0239    0.1416    0.3067    0.4711    0.6341    0.7954    0.9544    1.1109

  Columns 15 through 28

    1.2644    1.4143    1.5604    1.7022    1.8394    1.9715    2.0982    2.2192    2.3340    2.4425    2.5443    2.6390    2.7266    2.8067

  Columns 29 through 31

    2.8791    2.9436    3.0000

y =f(t)

y =

  Columns 1 through 14

   -1.0000   -0.8416   -0.6809   -0.5184   -0.3544   -0.1895   -0.0240    0.1415    0.3067    0.4710    0.6340    0.7952    0.9543    1.1108

  Columns 15 through 28

    1.2642    1.4142    1.5603    1.7021    1.8393    1.9714    2.0981    2.2190    2.3339    2.4424    2.5442    2.6390    2.7265    2.8066

  Columns 29 through 31

    2.8790    2.9436    3.0000

err29 = y - w;
t29 = t

t29 =

  Columns 1 through 14

         0    0.0500    0.1000    0.1500    0.2000    0.2500    0.3000    0.3500    0.4000    0.4500    0.5000    0.5500    0.6000    0.6500

  Columns 15 through 28

    0.7000    0.7500    0.8000    0.8500    0.9000    0.9500    1.0000    1.0500    1.1000    1.1500    1.2000    1.2500    1.3000    1.3500

  Columns 29 through 31

    1.4000    1.4500    1.5000

[t, w] = fun72C2a([0 1.5], [-1, 3], 19)

t =

  Columns 1 through 14

         0    0.0750    0.1500    0.2250    0.3000    0.3750    0.4500    0.5250    0.6000    0.6750    0.7500    0.8250    0.9000    0.9750

  Columns 15 through 21

    1.0500    1.1250    1.2000    1.2750    1.3500    1.4250    1.5000


w =

  Columns 1 through 14

   -1.0000   -0.7615   -0.5183   -0.2719   -0.0239    0.2243    0.4712    0.7151    0.9546    1.1882    1.4145    1.6321    1.8396    2.0357

  Columns 15 through 21

    2.2193    2.3892    2.5444    2.6838    2.8068    2.9124    3.0000

t19 = t

t19 =

  Columns 1 through 14

         0    0.0750    0.1500    0.2250    0.3000    0.3750    0.4500    0.5250    0.6000    0.6750    0.7500    0.8250    0.9000    0.9750

  Columns 15 through 21

    1.0500    1.1250    1.2000    1.2750    1.3500    1.4250    1.5000

[t, w] = fun72C2a([0 1.5], [-1, 3], 9)

t =

         0    0.1500    0.3000    0.4500    0.6000    0.7500    0.9000    1.0500    1.2000    1.3500    1.5000


w =

   -1.0000   -0.5181   -0.0235    0.4717    0.9553    1.4154    1.8405    2.2201    2.5450    2.8072    3.0000

t9 = t

t9 =

         0    0.1500    0.3000    0.4500    0.6000    0.7500    0.9000    1.0500    1.2000    1.3500    1.5000

semilog(t9, err9, 'x', t19, err19, 'o', t29, err29, '*')
{Undefined function 'semilog' for input arguments of type 'double'.
} 
semilogx(t9, err9, 'x', t19, err19, 'o', t29, err29, '*')
diary off
