fun83C2a(0, 1, 0, 1, 10, 10)

ans =

    1.0000    1.0000    1.0000    1.0000    1.0000    1.0000    1.0000    1.0000    1.0000    1.0000    1.0000
    1.0000    0.9901    0.9802    0.9704    0.9608    0.9512    0.9418    0.9324    0.9231    0.9139    0.9048
    1.0000    0.9802    0.9608    0.9418    0.9231    0.9048    0.8869    0.8694    0.8522    0.8353    0.8187
    1.0000    0.9704    0.9418    0.9139    0.8869    0.8607    0.8353    0.8106    0.7866    0.7634    0.7408
    1.0000    0.9608    0.9231    0.8869    0.8522    0.8187    0.7866    0.7558    0.7262    0.6977    0.6703
    1.0000    0.9512    0.9048    0.8607    0.8187    0.7788    0.7408    0.7047    0.6703    0.6376    0.6065
    1.0000    0.9418    0.8869    0.8353    0.7866    0.7408    0.6977    0.6571    0.6188    0.5828    0.5488
    1.0000    0.9324    0.8694    0.8106    0.7558    0.7047    0.6571    0.6126    0.5712    0.5326    0.4966
    1.0000    0.9231    0.8522    0.7866    0.7262    0.6703    0.6188    0.5712    0.5273    0.4868    0.4493
    1.0000    0.9139    0.8353    0.7634    0.6977    0.6376    0.5828    0.5326    0.4868    0.4449    0.4066
    1.0000    0.9048    0.8187    0.7408    0.6703    0.6065    0.5488    0.4966    0.4493    0.4066    0.3679

fun83C2b(0, 1, 0, 1, 10, 10)

ans =

         0    0.0010    0.0080    0.0270    0.0640    0.1250    0.2160    0.3430    0.5120    0.7290    1.0000
    0.0010    0.0382    0.0759    0.1204    0.1776    0.2532    0.3520    0.4780    0.6333    0.8159    1.0150
    0.0080    0.0759    0.1389    0.2037    0.2765    0.3626    0.4663    0.5902    0.7343    0.8946    1.0606
    0.0270    0.1204    0.2037    0.2844    0.3692    0.4635    0.5713    0.6947    0.8334    0.9837    1.1380
    0.0640    0.1776    0.2765    0.3692    0.4631    0.5643    0.6768    0.8029    0.9426    1.0931    1.2494
    0.1250    0.2532    0.3626    0.4635    0.5643    0.6717    0.7904    0.9229    1.0696    1.2290    1.3975
    0.2160    0.3520    0.4663    0.5713    0.6768    0.7904    0.9171    1.0600    1.2201    1.3963    1.5860
    0.3430    0.4780    0.5902    0.6947    0.8029    0.9229    1.0600    1.2178    1.3976    1.5988    1.8188
    0.5120    0.6333    0.7343    0.8334    0.9426    1.0696    1.2201    1.3976    1.6041    1.8393    2.1002
    0.7290    0.8159    0.8946    0.9837    1.0931    1.2290    1.3963    1.5988    1.8393    2.1190    2.4351
    1.0000    1.0150    1.0606    1.1380    1.2494    1.3975    1.5860    1.8188    2.1002    2.4351    2.8284

diary off
