[A, b] = sparsesetup2(100);

[ans, j] = sor(A, b, 100000, 1)

ans =

    1.0000
   -1.0000
    1.0000
   -1.0000
    1.0000
   -1.0000
    1.0000
   -1.0000
    1.0000
   -1.0000
    1.0000
   -1.0000
    1.0000
   -1.0000
    1.0000
   -1.0000
    1.0000
   -1.0000
    1.0000
   -1.0000
    1.0000
   -1.0000
    1.0000
   -1.0000
    1.0000
   -0.9999
    0.9999
   -0.9999
    0.9999
   -0.9999
    0.9999
   -0.9999
    0.9999
   -0.9999
    0.9999
   -0.9999
    0.9999
   -0.9999
    0.9999
   -0.9999
    0.9999
   -0.9999
    0.9999
   -0.9999
    0.9999
   -0.9999
    0.9999
   -0.9999
    0.9999
   -0.9999
    0.9999
   -0.9999
    0.9999
   -0.9999
    0.9999
   -0.9999
    0.9999
   -0.9999
    0.9999
   -0.9999
    0.9999
   -0.9999
    0.9999
   -0.9999
    0.9999
   -0.9999
    0.9999
   -0.9999
    0.9999
   -0.9999
    0.9999
   -0.9999
    0.9999
   -0.9999
    0.9999
   -1.0000
    1.0000
   -1.0000
    1.0000
   -1.0000
    1.0000
   -1.0000
    1.0000
   -1.0000
    1.0000
   -1.0000
    1.0000
   -1.0000
    1.0000
   -1.0000
    1.0000
   -1.0000
    1.0000
   -1.0000
    1.0000
   -1.0000
    1.0000
   -1.0000
    1.0000
   -1.0000


j =

       10132

[ans, j] = sor(A, b, 100000, 1.5)

ans =

    1.0000
   -1.0000
    1.0000
   -1.0000
    1.0000
   -1.0000
    1.0000
   -1.0000
    1.0000
   -1.0000
    1.0000
   -1.0000
    1.0000
   -1.0000
    1.0000
   -1.0000
    1.0000
   -1.0000
    1.0000
   -1.0000
    1.0000
   -1.0000
    1.0000
   -1.0000
    0.9999
   -0.9999
    0.9999
   -0.9999
    0.9999
   -0.9999
    0.9999
   -0.9999
    0.9999
   -0.9999
    0.9999
   -0.9999
    0.9999
   -0.9999
    0.9999
   -0.9999
    0.9999
   -0.9999
    0.9999
   -0.9999
    0.9999
   -0.9999
    0.9999
   -0.9999
    0.9999
   -0.9999
    0.9999
   -0.9999
    0.9999
   -0.9999
    0.9999
   -0.9999
    0.9999
   -0.9999
    0.9999
   -0.9999
    0.9999
   -0.9999
    0.9999
   -0.9999
    0.9999
   -0.9999
    0.9999
   -0.9999
    0.9999
   -0.9999
    0.9999
   -0.9999
    0.9999
   -0.9999
    1.0000
   -1.0000
    1.0000
   -1.0000
    1.0000
   -1.0000
    1.0000
   -1.0000
    1.0000
   -1.0000
    1.0000
   -1.0000
    1.0000
   -1.0000
    1.0000
   -1.0000
    1.0000
   -1.0000
    1.0000
   -1.0000
    1.0000
   -1.0000
    1.0000
   -1.0000
    1.0000
   -1.0000


j =

        3373

