x0 = [1994 1995 1996 1997]

x0 =

        1994        1995        1996        1997

x0 = [1994 1995 1996 1997];
y0 = [67.052 68.008 69.803 72.024]

y0 =

   67.0520   68.0080   69.8030   72.0240

y0 = [67.052 68.008 69.803 72.024];
c = newtdd(x0, y0, 4);
y = nest(3, c, 1998, x0)

y =

   74.2580

x = 1980:2010;
y = nest(3, c, x, x0);
plot(x0, y0, 'o', x, y)
diary off
