x = (2 + (0:10)/5)';
y = 1 + x + x.^2 + x.^3 + x.^4 + x.^5;
y

y =

   1.0e+03 *

    0.0630
    0.0936
    0.1358
    0.1924
    0.2672
    0.3640
    0.4876
    0.6433
    0.8368
    1.0750
    1.3650

A = [x.^0 x x.^2 x.^3 x.^4 x.^5]

A =

   1.0e+03 *

    0.0010    0.0020    0.0040    0.0080    0.0160    0.0320
    0.0010    0.0022    0.0048    0.0106    0.0234    0.0515
    0.0010    0.0024    0.0058    0.0138    0.0332    0.0796
    0.0010    0.0026    0.0068    0.0176    0.0457    0.1188
    0.0010    0.0028    0.0078    0.0220    0.0615    0.1721
    0.0010    0.0030    0.0090    0.0270    0.0810    0.2430
    0.0010    0.0032    0.0102    0.0328    0.1049    0.3355
    0.0010    0.0034    0.0116    0.0393    0.1336    0.4544
    0.0010    0.0036    0.0130    0.0467    0.1680    0.6047
    0.0010    0.0038    0.0144    0.0549    0.2085    0.7924
    0.0010    0.0040    0.0160    0.0640    0.2560    1.0240

[Q, R] = qr(A)

Q =

   -0.3015   -0.4767    0.5121    0.4580   -0.3548    0.2402   -0.0093    0.0008   -0.0680   -0.1411    0.0400
   -0.3015   -0.3814    0.2048   -0.0916    0.3548   -0.4804    0.0651    0.0825    0.3048    0.4625   -0.1971
   -0.3015   -0.2860   -0.0341   -0.3359    0.3548   -0.0801   -0.1988   -0.3153   -0.4223   -0.2987    0.4178
   -0.3015   -0.1907   -0.2048   -0.3512    0.0591    0.3203    0.2807    0.2749    0.0134   -0.3778   -0.5515
   -0.3015   -0.0953   -0.3073   -0.2137   -0.2365    0.3203   -0.0171    0.2855    0.3597    0.2842    0.5563
   -0.3015   -0.0000   -0.3414   -0.0000   -0.3548    0.0000   -0.5206   -0.4245   -0.0530    0.2439   -0.3914
   -0.3015    0.0953   -0.3073    0.2137   -0.2365   -0.3203    0.6999   -0.2743   -0.1565    0.0090    0.1081
   -0.3015    0.1907   -0.2048    0.3512    0.0591   -0.3203   -0.2964    0.6399   -0.2963   -0.1261    0.0191
   -0.3015    0.2860   -0.0341    0.3359    0.3548    0.0801   -0.1014   -0.2629    0.5954   -0.3812    0.0422
   -0.3015    0.3814    0.2048    0.0916    0.3548    0.4804    0.1305   -0.0399   -0.3467    0.4625   -0.0631
   -0.3015    0.4767    0.5121   -0.4580   -0.3548   -0.2402   -0.0326    0.0332    0.0697   -0.1372    0.0196


R =

   1.0e+03 *

   -0.0033   -0.0099   -0.0312   -0.1015   -0.3412   -1.1783
         0    0.0021    0.0126    0.0581    0.2445    0.9852
         0         0    0.0012    0.0105    0.0644    0.3339
         0         0         0   -0.0006   -0.0075   -0.0574
         0         0         0         0   -0.0003   -0.0049
         0         0         0         0         0   -0.0002
         0         0         0         0         0         0
         0         0         0         0         0         0
         0         0         0         0         0         0
         0         0         0         0         0         0
         0         0         0         0         0         0

c = (R) \ (Q' * y)

c =

    1.0000
    1.0000
    1.0000
    1.0000
    1.0000
    1.0000

format long
c

c =

   0.999999999881705
   1.000000000203841
   0.999999999862298
   1.000000000045614
   0.999999999992580
   1.000000000000475

y = 1 + x + x.^2 + x.^3 + x.^4 + x.^5 + x.^6;
A = [x.^0 x x.^2 x.^3 x.^4 x.^5 x.^6]

A =

   1.0e+03 *

  Columns 1 through 6

   0.001000000000000   0.002000000000000   0.004000000000000   0.008000000000000   0.016000000000000   0.032000000000000
   0.001000000000000   0.002200000000000   0.004840000000000   0.010648000000000   0.023425600000000   0.051536320000000
   0.001000000000000   0.002400000000000   0.005760000000000   0.013824000000000   0.033177600000000   0.079626240000000
   0.001000000000000   0.002600000000000   0.006760000000000   0.017576000000000   0.045697600000000   0.118813760000000
   0.001000000000000   0.002800000000000   0.007840000000000   0.021952000000000   0.061465600000000   0.172103680000000
   0.001000000000000   0.003000000000000   0.009000000000000   0.027000000000000   0.081000000000000   0.243000000000000
   0.001000000000000   0.003200000000000   0.010240000000000   0.032768000000000   0.104857600000000   0.335544320000000
   0.001000000000000   0.003400000000000   0.011560000000000   0.039304000000000   0.133633600000000   0.454354240000000
   0.001000000000000   0.003600000000000   0.012960000000000   0.046656000000000   0.167961600000000   0.604661760000000
   0.001000000000000   0.003800000000000   0.014440000000000   0.054872000000000   0.208513600000000   0.792351680000000
   0.001000000000000   0.004000000000000   0.016000000000000   0.064000000000000   0.256000000000000   1.024000000000000

  Column 7

   0.064000000000000
   0.113379904000000
   0.191102976000000
   0.308915776000000
   0.481890304000000
   0.729000000000000
   1.073741824000001
   1.544804416000000
   2.176782336000000
   3.010936383999999
   4.096000000000000

[Q, R] = qr(A);
c = (R) \ (Q' * y)

c =

   0.999999996459939
   1.000000007404819
   0.999999993622020
   1.000000002896728
   0.999999999268070
   1.000000000097584
   0.999999999994635

y = 1 + x + x.^2 + x.^3 + x.^4 + x.^5 + x.^6 + x.^7 + x.^8;
A = [x.^0 x x.^2 x.^3 x.^4 x.^5 x.^6 x.^7 x.^8]

A =

   1.0e+04 *

  Columns 1 through 6

   0.000100000000000   0.000200000000000   0.000400000000000   0.000800000000000   0.001600000000000   0.003200000000000
   0.000100000000000   0.000220000000000   0.000484000000000   0.001064800000000   0.002342560000000   0.005153632000000
   0.000100000000000   0.000240000000000   0.000576000000000   0.001382400000000   0.003317760000000   0.007962624000000
   0.000100000000000   0.000260000000000   0.000676000000000   0.001757600000000   0.004569760000000   0.011881376000000
   0.000100000000000   0.000280000000000   0.000784000000000   0.002195200000000   0.006146560000000   0.017210368000000
   0.000100000000000   0.000300000000000   0.000900000000000   0.002700000000000   0.008100000000000   0.024300000000000
   0.000100000000000   0.000320000000000   0.001024000000000   0.003276800000000   0.010485760000000   0.033554432000000
   0.000100000000000   0.000340000000000   0.001156000000000   0.003930400000000   0.013363360000000   0.045435424000000
   0.000100000000000   0.000360000000000   0.001296000000000   0.004665600000000   0.016796160000000   0.060466176000000
   0.000100000000000   0.000380000000000   0.001444000000000   0.005487200000000   0.020851360000000   0.079235168000000
   0.000100000000000   0.000400000000000   0.001600000000000   0.006400000000000   0.025600000000000   0.102400000000000

  Columns 7 through 9

   0.006400000000000   0.012800000000000   0.025600000000000
   0.011337990400000   0.024943578880000   0.054875873536000
   0.019110297600000   0.045864714240000   0.110075314176000
   0.030891577600000   0.080318101760000   0.208827064576000
   0.048189030400000   0.134929285120000   0.377801998336000
   0.072900000000000   0.218700000000000   0.656100000000000
   0.107374182400000   0.343597383680000   1.099511627776000
   0.154480441600000   0.525233501440000   1.785793904896000
   0.217678233600000   0.783641640960000   2.821109907456001
   0.301093638400000   1.144155825920000   4.347792138495999
   0.409600000000000   1.638400000000000   6.553600000000000

[Q, R] = qr(A);
c = (R) \ (Q' * y)

c =

   0.999993522876522
   1.000018206969766
   0.999977797579941
   1.000015342874739
   0.999993427366137
   1.000001787606269
   0.999999698502033
   1.000000028836604
   0.999999998802280

diary off
