fprime = @(h) ((2 + h)^-1 - (2 - h)^-1) / (2 * h) 

fprime = 

    @(h)((2+h)^-1-(2-h)^-1)/(2*h)

fprime(.1)

ans =

  -0.250626566416040

for i = 1:9
value(i) = fprime(10^-i);
error(i) = 1/4 - value(i);
end
value

value =

  Columns 1 through 6

  -0.250626566416040  -0.250006250156248  -0.250000062499978  -0.250000000625583  -0.250000000009964  -0.249999999979433

  Columns 7 through 9

  -0.249999999868411  -0.249999998480632  -0.250000020685093

error

error =

  Columns 1 through 6

   0.500626566416040   0.500006250156248   0.500000062499978   0.500000000625583   0.500000000009964   0.499999999979433

  Columns 7 through 9

   0.499999999868411   0.499999998480632   0.500000020685093

table(value, error)
{Undefined function 'table' for input arguments of type 'double'.
} 
for i = 1:9
h(i) = 10^-i;
value(i) = fprime(h(i));
error(i) = -1/4 - value(i);
end
for i = 1:9
fprintf('%d\t%.12f\t%.12f\n', h(i), value(i), error(i));
end
1.000000e-01	-0.250626566416	0.000626566416
1.000000e-02	-0.250006250156	0.000006250156
1.000000e-03	-0.250000062500	0.000000062500
1.000000e-04	-0.250000000626	0.000000000626
1.000000e-05	-0.250000000010	0.000000000010
1.000000e-06	-0.249999999979	-0.000000000021
1.000000e-07	-0.249999999868	-0.000000000132
1.000000e-08	-0.249999998481	-0.000000001519
1.000000e-09	-0.250000020685	0.000000020685
for i = 1:9
fprintf('%d\t %2.12f\t %2.12f\n', h(i), value(i), error(i));
end
1.000000e-01	 -0.250626566416	 0.000626566416
1.000000e-02	 -0.250006250156	 0.000006250156
1.000000e-03	 -0.250000062500	 0.000000062500
1.000000e-04	 -0.250000000626	 0.000000000626
1.000000e-05	 -0.250000000010	 0.000000000010
1.000000e-06	 -0.249999999979	 -0.000000000021
1.000000e-07	 -0.249999999868	 -0.000000000132
1.000000e-08	 -0.249999998481	 -0.000000001519
1.000000e-09	 -0.250000020685	 0.000000020685
diary off
