f = @(x) exp(x^2)

f = 

    @(x)exp(x^2)

romberg(f, 0, 1, 20, .000000005)

ans =

   1.859140914229523                   0                   0                   0                   0                   0
   1.571583165458632   1.475730582535002                   0                   0                   0                   0
   1.490678861698856   1.463710760445597   1.462909438972970                   0                   0                   0
   1.469712276429665   1.462723414673269   1.462657591621780   1.462653594044777                   0                   0
   1.464420310149482   1.462656321389421   1.462651848503831   1.462651757343228   1.462651750140477                   0
   1.463094102606428   1.462652033425411   1.462651747561143   1.462651745958878   1.462651745914234   1.462651745910103

f = @(x) sinx(x^2)

f = 

    @(x)sinx(x^2)

romberg(f, 0, sqrt(pi), .000000005)
{Undefined function 'sinx' for input arguments of type 'double'.

Error in <a href="matlab:helpUtils.errorDocCallback('@(x)sinx(x^2)', '', 0)" style="font-weight:bold">@(x)sinx(x^2)</a>


Error in <a href="matlab:helpUtils.errorDocCallback('romberg', '/home/wcmonty/Projects/471/romberg.m', 9)" style="font-weight:bold">romberg</a> (<a href="matlab: opentoline('/home/wcmonty/Projects/471/romberg.m',9,0)">line 9</a>)
r(1,1) = (b-a) * (f(a) + f(b))/2;
} 
f = @(x) sin(x^2)

f = 

    @(x)sin(x^2)

romberg(f, 0, sqrt(pi), .000000005)

ans =

     5.020953118295576e-16

romberg(f, 0, sqrt(pi), .000000005)

ans =

     5.020953118295576e-16

romberg(f, 0, sqrt(pi), 20, .000000005)

ans =

  Columns 1 through 6

   0.000000000000001                   0                   0                   0                   0                   0
   0.626657068657750   0.835542758210334                   0                   0                   0                   0
   0.834374844252384   0.903614102783929   0.908152192422168                   0                   0                   0
   0.880180237113810   0.895448701400952   0.894904341308753   0.894694057957747                   0                   0
   0.891196917396649   0.894869144157595   0.894830507008038   0.894829335035011   0.894829865533353                   0
   0.893924583421267   0.894833805429473   0.894831449514264   0.894831464474681   0.894831472825424   0.894831474396580
   0.894604857236032   0.894831615174288   0.894831469157275   0.894831469469069   0.894831469488655   0.894831469485393
   0.894774823247713   0.894831478584940   0.894831469478984   0.894831469484090   0.894831469484149   0.894831469484145
   0.894817308351580   0.894831470052869   0.894831469484064   0.894831469484145   0.894831469484145   0.894831469484145
   0.894827929227662   0.894831469519689   0.894831469484144   0.894831469484145   0.894831469484145   0.894831469484145
   0.894830584421690   0.894831469486366   0.894831469484145   0.894831469484145   0.894831469484145   0.894831469484145
   0.894831248218636   0.894831469484284   0.894831469484145   0.894831469484145   0.894831469484145   0.894831469484145
   0.894831414167774   0.894831469484154   0.894831469484145   0.894831469484145   0.894831469484145   0.894831469484145
   0.894831455655053   0.894831469484146   0.894831469484145   0.894831469484145   0.894831469484145   0.894831469484145
   0.894831466026873   0.894831469484146   0.894831469484146   0.894831469484146   0.894831469484146   0.894831469484146
   0.894831468619829   0.894831469484147   0.894831469484147   0.894831469484147   0.894831469484147   0.894831469484147
   0.894831469268066   0.894831469484146   0.894831469484145   0.894831469484145   0.894831469484145   0.894831469484145
   0.894831469430126   0.894831469484147   0.894831469484147   0.894831469484147   0.894831469484147   0.894831469484147
   0.894831469470634   0.894831469484136   0.894831469484136   0.894831469484136   0.894831469484135   0.894831469484135
   0.894831469480768   0.894831469484146   0.894831469484147   0.894831469484147   0.894831469484147   0.894831469484147

  Columns 7 through 12

                   0                   0                   0                   0                   0                   0
                   0                   0                   0                   0                   0                   0
                   0                   0                   0                   0                   0                   0
                   0                   0                   0                   0                   0                   0
                   0                   0                   0                   0                   0                   0
                   0                   0                   0                   0                   0                   0
   0.894831469484194                   0                   0                   0                   0                   0
   0.894831469484144   0.894831469484144                   0                   0                   0                   0
   0.894831469484145   0.894831469484145   0.894831469484145                   0                   0                   0
   0.894831469484145   0.894831469484145   0.894831469484145   0.894831469484145                   0                   0
   0.894831469484145   0.894831469484145   0.894831469484145   0.894831469484145   0.894831469484145                   0
   0.894831469484145   0.894831469484145   0.894831469484145   0.894831469484145   0.894831469484145   0.894831469484145
   0.894831469484145   0.894831469484145   0.894831469484145   0.894831469484145   0.894831469484145   0.894831469484145
   0.894831469484145   0.894831469484145   0.894831469484145   0.894831469484145   0.894831469484145   0.894831469484145
   0.894831469484146   0.894831469484146   0.894831469484146   0.894831469484146   0.894831469484146   0.894831469484146
   0.894831469484147   0.894831469484147   0.894831469484147   0.894831469484147   0.894831469484147   0.894831469484147
   0.894831469484145   0.894831469484145   0.894831469484145   0.894831469484145   0.894831469484145   0.894831469484145
   0.894831469484147   0.894831469484147   0.894831469484147   0.894831469484147   0.894831469484147   0.894831469484147
   0.894831469484135   0.894831469484135   0.894831469484135   0.894831469484135   0.894831469484135   0.894831469484135
   0.894831469484147   0.894831469484147   0.894831469484147   0.894831469484147   0.894831469484147   0.894831469484147

