f = @(t, y) exp((t.^3)/3)

f = 

    @(t,y)exp((t.^3)/3)

[t1, y1] = euler([0 1], 1, 1/.1, f);
t=0:.025:1

t =

  Columns 1 through 12

         0    0.0250    0.0500    0.0750    0.1000    0.1250    0.1500    0.1750    0.2000    0.2250    0.2500    0.2750

  Columns 13 through 24

    0.3000    0.3250    0.3500    0.3750    0.4000    0.4250    0.4500    0.4750    0.5000    0.5250    0.5500    0.5750

  Columns 25 through 36

    0.6000    0.6250    0.6500    0.6750    0.7000    0.7250    0.7500    0.7750    0.8000    0.8250    0.8500    0.8750

  Columns 37 through 41

    0.9000    0.9250    0.9500    0.9750    1.0000

y = f(t)

y =

  Columns 1 through 12

    1.0000    1.0000    1.0000    1.0001    1.0003    1.0007    1.0011    1.0018    1.0027    1.0038    1.0052    1.0070

  Columns 13 through 24

    1.0090    1.0115    1.0144    1.0177    1.0216    1.0259    1.0308    1.0364    1.0425    1.0494    1.0570    1.0654

  Columns 25 through 36

    1.0747    1.0848    1.0959    1.1080    1.1211    1.1354    1.1510    1.1678    1.1861    1.2058    1.2272    1.2502

  Columns 37 through 41

    1.2751    1.3019    1.3308    1.3620    1.3956

f = @(t, y) t.^2 * y;
[t1, y1] = euler([0 1], 1, 1/.1, f);
[t2, y2] = euler([0 1], 1, 1/.05, f);
[t3, y3] = euler([0 1], 1, 1/.025, f);
plot(t, y, '', t1, y1, 'o', t2, y2, 'x', t3, y3, '+')
diary off
