t = 0:0.1:1

t =

         0    0.1000    0.2000    0.3000    0.4000    0.5000    0.6000    0.7000    0.8000    0.9000    1.0000

f = @(t, y) t;
[t, y] = trap([0 1], 1, 1/.1, f);
f = @(t, y) (t.^2)/2 + 1;
f = @(t) (t.^2)/2 + 1;
e = f(t) - y;
e

e =

   1.0e-15 *

         0         0    0.2220    0.2220    0.4441    0.4441    0.4441    0.4441    0.4441    0.4441    0.6661

table(t, y, e)
{Undefined function 'table' for input arguments of type 'double'.
} 
displaytable([t y e], ['Ti', 'Approximation', 'Error']) 
{Undefined function 'displaytable' for input arguments of type 'double'.
} 
for i = 0:.1:1
fprintf('%.1f\t%.6f\t%.6f\n', t(i), y(i), e(i));
end
{Subscript indices must either be real positive integers or logicals.
} 
for i = 1:11
fprintf('%.1f\t%.6f\t%.6f\n', t(i), y(i), e(i));
end
0.0	1.000000	0.000000
0.1	1.005000	0.000000
0.2	1.020000	0.000000
0.3	1.045000	0.000000
0.4	1.080000	0.000000
0.5	1.125000	0.000000
0.6	1.180000	0.000000
0.7	1.245000	0.000000
0.8	1.320000	0.000000
0.9	1.405000	0.000000
1.0	1.500000	0.000000
diary off
