a = [[2, -2, -1]; [4, 1, -2]; [-2, 1, -1]]

a =

     2    -2    -1
     4     1    -2
    -2     1    -1

b = [-2, 1, -1]

b =

    -2     1    -1

naive_gauss(a, b, 3)

ans =

   0.500000000000000   1.000000000000000   1.000000000000000

a = [[1, 2, -1]; [0, 3, 1]; [2, -1, 1]]

a =

     1     2    -1
     0     3     1
     2    -1     1

b = [2, 4, 2]

b =

     2     4     2

naive_gauss(a, b, 3)

ans =

     1     1     1

a = [[2, 1, -4]; [1, -1, 1]; [-1, 3, -2]]

a =

     2     1    -4
     1    -1     1
    -1     3    -2

b = [-7, -2, 6]

b =

    -7    -2     6

naive_gauss(a, b, 3)

ans =

    -1     3     2

diary off
