a = [[3 1 2]; [6 3 4]; [3 1 5]]

a =

     3     1     2
     6     3     4
     3     1     5

lu(a)

ans =

   6.000000000000000   3.000000000000000   4.000000000000000
   0.500000000000000  -0.500000000000000                   0
   0.500000000000000   1.000000000000000   3.000000000000000

[L, U] = lu(a)

L =

   0.500000000000000   1.000000000000000                   0
   1.000000000000000                   0                   0
   0.500000000000000   1.000000000000000   1.000000000000000


U =

   6.000000000000000   3.000000000000000   4.000000000000000
                   0  -0.500000000000000                   0
                   0                   0   3.000000000000000

[L, U] = naive_lu_factor(a, 3)
{Undefined function 'naive_lu_factor' for input arguments of type 'double'.
} 
[L, U] = naive_lu_fact(a, 3)

L =

     1     0     0
     2     1     0
     1     0     1


U =

     3     1     2
     0     1     0
     0     0     3

L * U

ans =

     3     1     2
     6     3     4
     3     1     5

diary off
