[ans, i, backwardError] = final_sor(A, b', 100, 1.2, .0005, solution')

ans =

    1.0000
   -1.0000
    1.0000
   -1.0000
    1.0000
   -1.0000
    1.0000
   -1.0000
    1.0000
   -1.0000
    1.0000
   -1.0000
    1.0000
   -1.0000
    1.0000
   -1.0000
    1.0000
   -1.0000
    1.0000
   -1.0000
    1.0000
   -1.0000
    1.0000
   -1.0000
    1.0000
   -1.0000
    1.0000
   -1.0000
    1.0000
   -1.0000
    1.0000
   -1.0000
    1.0000
   -1.0000
    1.0000
   -1.0000
    1.0000
   -1.0000
    1.0000
   -1.0000
    1.0000
   -1.0000
    1.0000
   -1.0000
    1.0000
   -1.0000
    1.0000
   -1.0000
    1.0000
   -1.0000
    1.0000
   -1.0000
    1.0000
   -1.0000
    1.0000
   -1.0000
    1.0000
   -1.0000
    1.0000
   -1.0000
    1.0000
   -1.0000
    1.0000
   -1.0000
    1.0000
   -1.0000
    1.0000
   -1.0000
    1.0000
   -1.0000
    1.0000
   -1.0000
    1.0000
   -1.0000
    1.0000
   -1.0000
    1.0000
   -1.0000
    1.0000
   -1.0000
    1.0000
   -1.0000
    1.0000
   -1.0000
    1.0000
   -1.0000
    1.0000
   -0.9999
    1.0002
   -0.9997
    1.0003
   -0.9998
    1.0001
   -1.0000
    1.0000
   -1.0000
    1.0000
   -1.0000
    1.0000
   -1.0000


i =

     8


backwardError =

    0.0039

diary off
